1
20
0 0 1 1  0 1 1 1
-1 1 11.5129
0 0 1 1  0 1 1 1
-1 1 11.5129
0 0 1 1  0 1 1 1
-1 1 11.5129
0 0 1 1  0 1 1 1
-1 1 11.5129
0 0 1 1  0 1 1 1
-1 1 11.5129
0 0 1 1  0 1 1 1
-1 1 11.5129
0 0 1 1  0 1 1 1
-1 1 11.5129
0 0 1 1  0 1 1 1
-1 1 11.5129
0 0 1 1  0 1 1 1
-1 1 11.5129
0 0 1 1  0 1 1 1
-1 1 11.5129
0 0 1 1  0 1 1 1
-1 1 11.5129
0 0 1 1  0 1 1 1
-1 1 11.5129
0 0 1 1  0 1 1 1
-1 1 11.5129
0 0 1 1  0 1 1 1
-1 1 11.5129
0 0 1 1  0 1 1 1
-1 1 11.5129
0 0 1 1  0 1 1 1
-1 1 11.5129
0 0 1 1  0 1 1 1
-1 1 11.5129
0 0 1 1  0 1 1 1
-1 1 11.5129
0 0 1 1  0 1 1 1
-1 1 11.5129
0 0 1 1  0 1 1 1
-1 1 11.5129
115.129
0
