1
20
8 0 2 2  8 2 2 2
87 -1 1.00223
14 0 1 6  14 6 1 6
141 -1 0.905011
11 10 2 1  11 11 2 1
1 1 1.01638
2 6 2 1  2 7 2 1
-13 1 0.815678
6 18 1 3  6 21 1 3
-25 1 0.880222
12 15 2 1  12 16 2 1
-8 1 0.908549
9 0 1 8  9 8 1 8
-8 -1 0.953271
19 9 2 3  19 12 2 3
-65 1 0.864839
12 13 1 1  12 14 1 1
15 -1 0.725761
15 10 1 7  15 17 1 7
103 1 0.755648
16 0 2 1  16 1 2 1
33 -1 0.804891
21 22 2 1  21 23 2 1
2 -1 0.820595
22 5 2 2  22 7 2 2
-86 1 0.777612
12 4 2 3  12 7 2 3
24 -1 0.757644
9 1 1 1  9 2 1 1
7 -1 0.844317
2 5 2 2  2 7 2 2
-34 1 0.819877
12 13 2 1  12 14 2 1
34 -1 0.836513
14 0 1 7  14 7 1 7
-71 -1 0.778196
6 19 1 1  6 20 1 1
-4 1 0.884239
20 0 1 11  20 11 1 11
-212 1 0.786873
8.46917
0
